# oST version 5.0 parameters


[image]

width
174

height
144

[ardrone_bottom]

camera matrix
197.611868 0.000000 87.004133
0.000000 215.807977 70.061796
0.000000 0.000000 1.000000

distortion
0.255680 -0.861356 0.001048 -0.002966 0.000000

rectification
1.000000 0.000000 0.000000
0.000000 1.000000 0.000000
0.000000 0.000000 1.000000

projection
199.946396 0.000000 86.168696 0.000000
0.000000 218.650360 69.654309 0.000000
0.000000 0.000000 1.000000 0.000000

