# oST version 5.0 parameters


[image]

width
320

height
240

[ardrone_front]

camera matrix
209.626770 0.000000 161.275943
0.000000 210.825901 123.723408
0.000000 0.000000 1.000000

distortion
0.160828 -0.280969 0.000044 0.001607 0.000000

rectification
1.000000 0.000000 0.000000
0.000000 1.000000 0.000000
0.000000 0.000000 1.000000

projection
-245.858795 0.000000 250.684758 0.000000
0.000000 -253.237381 55.012524 0.000000
0.000000 0.000000 1.000000 0.000000

