image_width: 640
image_height: 360
camera_name: ardrone_bottom
camera_matrix:
  rows: 3
  cols: 3
  data: [686.994766, 0, 329.323208, 0, 688.195055, 159.323007, 0, 0, 1]
distortion_model: plumb_bob
distortion_coefficients:
  rows: 1
  cols: 5
  data: [-0.006282, 0.03748, -0.003174, -0.002855, 0]
rectification_matrix:
  rows: 3
  cols: 3
  data: [1, 0, 0, 0, 1, 0, 0, 0, 1]
projection_matrix:
  rows: 3
  cols: 4
  data: [687.761902, 0, 327.39355, 0, 0, 688.746338, 157.996045, 0, 0, 0, 1, 0]