# oST version 5.0 parameters


[image]

width
640

height
360

[ardrone_bottom]

camera matrix
686.994766 0.000000 329.323208
0.000000 688.195055 159.323007
0.000000 0.000000 1.000000

distortion
-0.006282 0.037480 -0.003174 -0.002855 0.000000

rectification
1.000000 0.000000 0.000000
0.000000 1.000000 0.000000
0.000000 0.000000 1.000000

projection
687.761902 0.000000 327.393550 0.000000
0.000000 688.746338 157.996045 0.000000
0.000000 0.000000 1.000000 0.000000

