image_width: 640
image_height: 360
camera_name: ardrone_front
camera_matrix:
  rows: 3
  cols: 3
  data: [561.999146, 0, 307.433982, 0, 561.782697, 190.144373, 0, 0, 1]
distortion_model: plumb_bob
distortion_coefficients:
  rows: 1
  cols: 5
  data: [-0.50758, 0.24911, 0.000579, 0.000996, 0]
rectification_matrix:
  rows: 3
  cols: 3
  data: [1, 0, 0, 0, 1, 0, 0, 0, 1]
projection_matrix:
  rows: 3
  cols: 4
  data: [454.505341, 0, 302.364285, 0, 0, 528.832031, 190.983935, 0, 0, 0, 1, 0]