# oST version 5.0 parameters


[image]

width
640

height
360

[ardrone_front]

camera matrix
561.999146 0.000000 307.433982
0.000000 561.782697 190.144373
0.000000 0.000000 1.000000

distortion
-0.507580 0.249110 0.000579 0.000996 0.000000

rectification
1.000000 0.000000 0.000000
0.000000 1.000000 0.000000
0.000000 0.000000 1.000000

projection
454.505341 0.000000 302.364285 0.000000
0.000000 528.832031 190.983935 0.000000
0.000000 0.000000 1.000000 0.000000

